fileName,Bat,Cockatoo,Crocodile,Dingo,Duck,Frog,FrogmouthTawny,Koala,Kookaburra,Magpie,Platypus,Possum,Snake,Wombat
BatA_1,1,0,0,0,0,0,0,0,0,0,0,0,0,0
BatB_1,1,0,0,0,0,0,0,0,0,0,0,0,0,0
BatB_10,1,0,0,0,0,0,0,0,0,0,0,0,0,0
BatB_11,1,0,0,0,0,0,0,0,0,0,0,0,0,0
BatB_12,1,0,0,0,0,0,0,0,0,0,0,0,0,0
BatB_13,1,0,0,0,0,0,0,0,0,0,0,0,0,0
BatB_14,1,0,0,0,0,0,0,0,0,0,0,0,0,0
BatB_2,1,0,0,0,0,0,0,0,0,0,0,0,0,0
BatB_4,1,0,0,0,0,0,0,0,0,0,0,0,0,0
BatB_5,1,0,0,0,0,0,0,0,0,0,0,0,0,0
BatB_6,1,0,0,0,0,0,0,0,0,0,0,0,0,0
BatB_7,1,0,0,0,0,0,0,0,0,0,0,0,0,0
BatB_8,1,0,0,0,0,0,0,0,0,0,0,0,0,0
BatB_9,1,0,0,0,0,0,0,0,0,0,0,0,0,0
CockatooA_1,0,1,0,0,0,0,0,0,0,0,0,0,0,0
CockatooA_2,0,1,0,0,0,0,0,0,0,0,0,0,0,0
CockatooA_3,0,1,0,0,0,0,0,0,0,0,0,0,0,0
CockatooA_5,0,1,0,0,0,0,0,0,0,0,0,0,0,0
CockatooB_1,0,1,0,0,0,0,0,0,0,0,0,0,0,0
CockatooB_2,0,1,0,0,0,0,0,0,0,0,0,0,0,0
CrocodileA_1,0,0,1,0,0,0,0,0,0,0,0,0,0,0
CrocodileA_10,0,0,1,0,0,0,0,0,0,0,0,0,0,0
CrocodileA_2,0,0,1,0,0,0,0,0,0,0,0,0,0,0
CrocodileA_3,0,0,1,0,0,0,0,0,0,0,0,0,0,0
CrocodileA_4,0,0,1,0,0,0,0,0,0,0,0,0,0,0
CrocodileA_5,0,0,1,0,0,0,0,0,0,0,0,0,0,0
CrocodileA_6,0,0,1,0,0,0,0,0,0,0,0,0,0,0
CrocodileA_7,0,0,1,0,0,0,0,0,0,0,0,0,0,0
CrocodileA_8,0,0,1,0,0,0,0,0,0,0,0,0,0,0
CrocodileA_9,0,0,1,0,0,0,0,0,0,0,0,0,0,0
DingoA_1,0,0,0,1,0,0,0,0,0,0,0,0,0,0
DuckA_1,0,0,0,0,1,0,0,0,0,0,0,0,0,0
DuckA_2,0,0,0,0,1,0,0,0,0,0,0,0,0,0
DuckA_3,0,0,0,0,1,0,0,0,0,0,0,0,0,0
DuckA_4,0,0,0,0,1,0,0,0,0,0,0,0,0,0
DuckA_5,0,0,0,0,1,0,0,0,0,0,0,0,0,0
DuckB_1,0,0,0,0,1,0,0,0,0,0,0,0,0,0
DuckB_2,0,0,0,0,1,0,0,0,0,0,0,0,0,0
DuckB_3,0,0,0,0,1,0,0,0,0,0,0,0,0,0
FrogA_1,0,0,0,0,0,1,0,0,0,0,0,0,0,0
FrogB_1,0,0,0,0,0,1,0,0,0,0,0,0,0,0
FrogB_2,0,0,0,0,0,1,0,0,0,0,0,0,0,0
FrogB_3,0,0,0,0,0,1,0,0,0,0,0,0,0,0
FrogB_4,0,0,0,0,0,1,0,0,0,0,0,0,0,0
FrogmouthTawnyA_2,0,0,0,0,0,0,1,0,0,0,0,0,0,0
FrogmouthTawnyA_3,0,0,0,0,0,0,1,0,0,0,0,0,0,0
FrogmouthTawnyA_4,0,0,0,0,0,0,1,0,0,0,0,0,0,0
FrogmouthTawnyB_10,0,0,0,0,0,0,1,0,0,0,0,0,0,0
FrogmouthTawnyB_11,0,0,0,0,0,0,1,0,0,0,0,0,0,0
FrogmouthTawnyB_12,0,0,0,0,0,0,1,0,0,0,0,0,0,0
FrogmouthTawnyB_13,0,0,0,0,0,0,1,0,0,0,0,0,0,0
FrogmouthTawnyB_2,0,0,0,0,0,0,1,0,0,0,0,0,0,0
FrogmouthTawnyB_3,0,0,0,0,0,0,1,0,0,0,0,0,0,0
FrogmouthTawnyB_4,0,0,0,0,0,0,1,0,0,0,0,0,0,0
FrogmouthTawnyB_5,0,0,0,0,0,0,1,0,0,0,0,0,0,0
FrogmouthTawnyB_6,0,0,0,0,0,0,1,0,0,0,0,0,0,0
FrogmouthTawnyB_9,0,0,0,0,0,0,1,0,0,0,0,0,0,0
KoalaA_1,0,0,0,0,0,0,0,1,0,0,0,0,0,0
KoalaA_2,0,0,0,0,0,0,0,1,0,0,0,0,0,0
KoalaA_3,0,0,0,0,0,0,0,1,0,0,0,0,0,0
KoalaA_4,0,0,0,0,0,0,0,1,0,0,0,0,0,0
KoalaA_5,0,0,0,0,0,0,0,1,0,0,0,0,0,0
KoalaB_1,0,0,0,0,0,0,0,1,0,0,0,0,0,0
KoalaB_2,0,0,0,0,0,0,0,1,0,0,0,0,0,0
KookaburraA_1,0,0,0,0,0,0,0,0,1,0,0,0,0,0
KookaburraA_2,0,0,0,0,0,0,0,0,1,0,0,0,0,0
KookaburraA_3,0,0,0,0,0,0,0,0,1,0,0,0,0,0
KookaburraA_4,0,0,0,0,0,0,0,0,1,0,0,0,0,0
KookaburraA_5,0,0,0,0,0,0,0,0,1,0,0,0,0,0
KookaburraA_7,0,0,0,0,0,0,0,0,1,0,0,0,0,0
KookaburraA_8,0,0,0,0,0,0,0,0,1,0,0,0,0,0
KookaburraA_9,0,0,0,0,0,0,0,0,1,0,0,0,0,0
KookaburraB_1,0,0,0,0,0,0,0,0,1,0,0,0,0,0
KookaburraB_2,0,0,0,0,0,0,0,0,1,0,0,0,0,0
KookaburraB_3,0,0,0,0,0,0,0,0,1,0,0,0,0,0
MagpieA_1,0,0,0,0,0,0,0,0,0,1,0,0,0,0
MagpieA_2,0,0,0,0,0,0,0,0,0,1,0,0,0,0
MagpieA_3,0,0,0,0,0,0,0,0,0,1,0,0,0,0
MagpieA_4,0,0,0,0,0,0,0,0,0,1,0,0,0,0
MagpieB_1,0,0,0,0,0,0,0,0,0,1,0,0,0,0
MagpieB_2,0,0,0,0,0,0,0,0,0,1,0,0,0,0
MagpieB_3,0,0,0,0,0,0,0,0,0,1,0,0,0,0
MagpieB_4,0,0,0,0,0,0,0,0,0,1,0,0,0,0
MagpieB_5,0,0,0,0,0,0,0,0,0,1,0,0,0,0
MagpieB_6,0,0,0,0,0,0,0,0,0,1,0,0,0,0
PlatypusA_1,0,0,0,0,0,0,0,0,0,0,1,0,0,0
PlatypusA_2,0,0,0,0,0,0,0,0,0,0,1,0,0,0
PossumA_2,0,0,0,0,0,0,0,0,0,0,0,1,0,0
PossumA_3,0,0,0,0,0,0,0,0,0,0,0,1,0,0
PossumA_5,0,0,0,0,0,0,0,0,0,0,0,1,0,0
PossumB_2,0,0,0,0,0,0,0,0,0,0,0,1,0,0
PossumB_3,0,0,0,0,0,0,0,0,0,0,0,1,0,0
PossumB_4,0,0,0,0,0,0,0,0,0,0,0,1,0,0
PossumB_5,0,0,0,0,0,0,0,0,0,0,0,1,0,0
PossumB_6,0,0,0,0,0,0,0,0,0,0,0,1,0,0
PossumB_7,0,0,0,0,0,0,0,0,0,0,0,1,0,0
PossumB_8,0,0,0,0,0,0,0,0,0,0,0,1,0,0
SnakeA_1,0,0,0,0,0,0,0,0,0,0,0,0,1,0
WombatA_1,0,0,0,0,0,0,0,0,0,0,0,0,0,1
WombatA_2,0,0,0,0,0,0,0,0,0,0,0,0,0,1
WombatA_3,0,0,0,0,0,0,0,0,0,0,0,0,0,1
WombatB_2,0,0,0,0,0,0,0,0,0,0,0,0,0,1
WombatB_3,0,0,0,0,0,0,0,0,0,0,0,0,0,1
WombatB_4,0,0,0,0,0,0,0,0,0,0,0,0,0,1
WombatB_5,0,0,0,0,0,0,0,0,0,0,0,0,0,1
